157,67
157,66
157,65
157,64
157,63
157,62
157,61
157,60
157,59
157,58
157,57
157,56
157,55
20,2
20,1
157,54
157,53
157,52
157,51
157,50
157,49
157,48
157,47
157,46
157,45
157,44
157,43
157,42
157,41
157,40
157,39
20,3
157,38
157,37
157,36
157,35
157,34
157,33
157,32
157,31
157,30
157,29
157,28
157,27
157,26
157,25
157,24
157,23
157,22
157,21
157,20
157,19
157,18
157,17
157,16
157,15
157,14
157,13
157,12
157,11
157,10
157,9
157,8
157,7
157,6
157,5
157,4
157,3
157,2
157,1
157,0
156,13
156,12
156,11
156,10
156,9
156,8
156,7
156,6
156,5
156,4
156,3
156,2
156,1
156,0
155,5
155,4
155,3
19,2
19,1
155,2
155,1
155,0
154,31
154,30
154,29
154,28
154,27
154,26
154,25
154,24
154,23
154,22
154,21
154,20
154,19
154,18
154,17
154,16
154,15
154,14
154,13
154,12
154,11
154,10
154,9
154,8
154,7
154,6
154,5
154,4
154,3
19,3
154,2
154,1
154,0
153,42
153,41
153,40
153,39
153,38
153,37
153,36
153,35
153,34
153,33
153,32
153,31
153,30
153,29
